Time: 2021-07-01 09:45:23.341115, Model: RandomForest, Test F1 Score: 0.7188940092165899
Time: 2021-07-02 16:13:23.858627, Model: RandomForest, Test F1 Score: 0.721153846153846 
Time: 2021-07-04 19:49:51.562521, Model: RandomForest, Test F1 Score: 0.6291621518727853 
